280,3
280,2
280,1
280,0
279,4
279,3
279,2
279,1
279,0
278,4
278,3
278,2
278,1
278,0
277,6
277,5
277,4
277,3
277,2
277,1
277,0
276,6
276,5
276,4
276,3
276,2
276,1
276,0
275,6
275,5
275,4
275,3
275,2
275,1
275,0
274,4
274,3
274,2
274,1
274,0
273,3
273,2
273,1
273,0
272,3
272,2
272,1
272,0
271,4
271,3
271,2
271,1
271,0
270,4
270,3
270,2
270,1
270,0
269,4
269,3
269,2
269,1
269,0
268,4
268,3
268,2
268,1
268,0
2,8
267,4
267,3
267,2
267,1
267,0
266,4
266,3
266,2
266,1
266,0
265,4
265,3
265,2
265,1
265,0
264,3
264,2
264,1
264,0
263,4
263,3
263,2
263,1
263,0
262,3
262,2
262,1
262,0
261,3
261,2
261,1
261,0
260,5
260,4
260,3
260,2
260,1
260,0
259,3
259,2
259,1
259,0
258,4
258,3
258,2
258,1
258,0
257,3
257,2
257,1
257,0
256,4
256,3
256,2
256,1
256,0
255,4
255,3
255,2
255,1
255,0
254,6
254,5
254,4
254,3
254,2
254,1
254,0
253,6
253,5
253,4
253,3
253,2
253,1
253,0
252,6
252,5
252,4
252,3
252,2
252,1
252,0
251,4
251,3
251,2
251,1
251,0
250,3
250,2
250,1
250,0
249,3
249,2
249,1
249,0
248,4
248,3
248,2
248,1
248,0
247,4
247,3
247,2
247,1
247,0
246,4
246,3
246,2
246,1
246,0
245,4
245,3
245,2
245,1
245,0
244,4
244,3
244,2
244,1
244,0
243,4
243,3
243,2
243,1
243,0
242,4
242,3
242,2
242,1
242,0
241,3
241,2
241,1
241,0
240,4
240,3
240,2
240,1
240,0
239,3
239,2
239,1
239,0
238,3
238,2
238,1
238,0
237,5
237,4
237,3
237,2
237,1
237,0
236,3
236,2
236,1
236,0
235,4
235,3
235,2
235,1
235,0
234,3
234,2
234,1
234,0
0,310
0,305
0,308
0,307
0,302
0,304
0,303
0,12
0,398
0,10
0,8
0,0
0,415
0,414
0,300
0,413
0,412
0,299
0,566
0,493
0,298
0,495
0,411
0,297
0,491
0,410
0,296
0,490
0,409
0,295
0,529
0,492
0,294
0,489
0,407
0,293
0,528
0,406
0,292
0,549
0,405
0,291
0,487
0,404
0,290
0,564
0,486
0,289
0,548
0,488
0,288
0,557
0,403
0,287
0,547
0,402
0,286
0,546
0,401
0,285
0,527
0,567
0,284
0,526
0,574
0,283
0,525
0,400
0,282
0,563
0,573
0,281
0,524
0,280
0,395
0,394
0,279
0,393
0,392
0,278
0,391
0,390
0,277
0,389
0,388
0,276
0,562
0,545
0,275
0,485
0,387
0,274
0,484
0,386
0,273
0,483
0,385
0,272
0,482
0,271
0,544
0,384
0,270
0,523
0,383
0,269
0,543
0,382
0,268
0,480
0,381
0,267
0,522
0,479
0,266
0,561
0,556
0,265
0,478
0,380
0,264
0,477
0,379
0,263
0,476
0,378
0,262
0,475
0,474
0,261
0,555
0,377
0,260
0,521
0,376
0,259
0,473
0,375
0,258
0,374
0,257
0,520
0,472
0,256
0,541
0,471
0,255
0,519
0,373
0,254
0,470
0,372
0,253
0,469
0,371
0,252
0,560
0,468
0,251
0,467
0,370
0,250
0,466
0,369
0,249
0,518
0,368
0,248
0,397
0,367
0,247
0,540
0,516
0,246
0,515
0,465
0,245
0,464
0,366
0,244
0,565
0,365
0,242
0,463
0,364
0,241
0,462
0,363
2,6
2,1
0,427
0,432
0,460
1,0
1,3
0,494
0,499
0,542
0,568
1,1
2,2
2,5
2,7
3,1
101,0
101,1
101,3
103,0
103,2
104,0
104,1
104,3
104,4
105,0
105,1
105,3
106,1
106,2
107,0
107,1
107,3
108,0
108,1
108,3
109,0
109,2
109,4
110,0
110,2
110,3
111,0
111,1
111,3
113,0
113,1
113,3
113,4
115,1
115,3
115,4
118,1
118,2
118,4
121,0
121,2
121,4
121,5
123,0
123,1
123,3
124,0
124,1
124,3
197,0
197,2
197,3
199,1
199,3
200,0
200,2
200,3
200,5
201,1
201,2
202,0
202,1
202,3
203,1
203,2
203,4
204,0
204,2
204,3
205,1
205,3
205,4
206,1
206,2
206,4
207,1
207,2
207,4
209,0
209,2
209,3
211,0
211,2
211,3
214,0
214,1
214,3
217,0
217,1
217,3
217,4
217,6
219,0
219,2
219,4
220,0
220,2
220,3
221,1
221,3
222,0
222,2
222,3
223,0
223,1
223,3
224,1
224,2
224,4
224,5
225,1
225,3
226,0
226,2
226,3
227,1
227,3
227,4
228,1
228,2
229,0
229,1
229,3
230,0
230,1
230,3
230,4
231,1
231,3
231,4
232,1
232,2
232,4
232,3
232,0
231,2
231,0
230,2
229,4
229,2
228,3
228,0
227,2
227,0
226,1
225,2
225,0
224,3
224,0
223,2
222,4
222,1
221,2
221,0
220,1
219,3
219,1
217,5
217,2
214,4
214,2
211,4
211,1
209,4
209,1
207,3
207,0
206,3
206,0
205,2
205,0
204,1
203,3
203,0
202,2
201,3
201,0
200,4
200,1
199,2
199,0
197,1
124,2
123,4
123,2
121,6
121,3
121,1
118,3
118,0
115,2
115,0
113,2
111,4
111,2
110,4
110,1
109,3
109,1
108,2
107,4
107,2
106,3
106,0
105,2
104,5
104,2
103,3
103,1
101,2
3,3
3,0
2,4
0,569
0,517
0,498
0,481
0,433
0,429
0,421
0,408
0,399
0,396
2,3
0,322
0,243
2,0
0,9
0,240
0,514
0,461
0,239
0,362
0,238
0,459
0,361
0,237
0,539
0,360
0,236
0,538
0,359
0,235
0,537
0,513
0,234
0,512
0,458
0,233
0,457
0,358
0,232
0,456
0,357
0,231
0,554
0,356
0,230
0,553
0,355
0,229
0,511
0,354
0,228
0,510
0,353
0,227
0,509
0,455
0,226
0,454
0,352
0,225
0,453
0,351
0,224
0,508
0,350
0,223
0,536
0,349
0,222
0,535
0,452
0,221
0,507
0,451
0,220
0,450
0,348
0,219
0,534
0,347
0,218
0,533
0,346
0,217
0,506
0,345
0,216
0,449
0,344
0,215
0,505
0,343
0,214
0,552
0,342
0,213
0,551
0,341
0,212
0,550
0,340
0,211
0,559
0,339
0,210
0,447
0,338
0,209
0,446
0,337
0,208
0,448
0,336
0,207
0,445
0,444
0,206
0,443
0,335
0,205
0,442
0,334
0,204
0,441
0,333
0,203
0,440
0,332
0,202
0,439
0,438
0,201
0,532
0,504
0,200
0,503
0,331
0,199
0,437
0,330
0,198
0,436
0,329
0,197
0,502
0,328
0,196
0,558
0,434
0,195
0,531
0,572
0,194
0,435
0,327
0,193
0,571
0,326
0,192
0,431
0,325
0,63
0,430
0,324
0,62
0,575
0,323
0,61
0,428
0,321
0,60
0,420
0,426
0,59
0,501
0,320
0,58
0,425
0,319
0,57
0,424
0,318
0,56
0,500
0,317
0,55
0,530
0,54
0,497
0,423
0,53
0,316
0,52
0,496
0,315
0,51
0,570
0,314
0,50
0,419
0,313
0,49
0,422
0,312
0,48
0,311
0,47
0,418
0,309
0,46
0,417
0,306
0,45
0,416
0,301
0,6
0,5
0,1
0,11
0,4
0,2
0,3
0,7
